A = [2 4 6 8; 1 3 5 7; 9 11 13 15; 10 12 14 16];
